00000000000000000000
00000000000000000000
00000000000000000000
00000000000000000000
00000000000000000000
00000000000000001111
00000000000000000000
01111000000000000000
00000000000000000000
00000000000000000000
00000000000000000000
00000000000000000000
00000000000000000000
01101000000000000000
11011000000000000000
01011000000000000000
01111000000000000000
01101000000000000000
00110000000000000000
10111000000000000000
01111000000000000000
01110000000000000000
00000000000101100000
10111000001001000000
11010000001010101110
11000000001100001111
00101001110000000001
01000101000000010011
01011000010000000000
00000000000000000000
00000000000000000000
00000000000000000000
00000000000000000000
00000000010000000000
00000110000000000000
00000011110000000000
00000000000000000000
00000000000000000000
00000111010000000000
00000000000000000000
00000000000000000000
00000000000000000000
00000110000000000000
00000000000000011101
00000000001111000100
00000000000000010111
00000000000000010111
00000000000000011100
10110000000000001101
11100101100000001101
11011011100000010100
01101110110000011011
11010101100000011010
00000011110000000000
00000000000000000000
00000000000000011100
00000000000000000000
00000000000000000000
00000000000000000000
00000000000000000000
00000000000000000000
00000000000000000000
00000000000000000000
00000000000000000000
00000000000000000000
00000000000000000000
00000000000111100000
00000000001110100000
00000000001011000000
00000000001111000000
00000000001110000000
00000000000001000000
10000000000000000000
00000000000000000000
00000000000000000000
00000000001100100000
11100000001010100000
00000000000000000000
00000000001011000000
00010000000000000000
00000000000000000000
00000000000000000000
00000000000000000000
00000110010000000000
00000101110011000000
00000000000010100000
00000000000111000000
00000000000110000000
01111000000111000000
00000000000001100000
00000000000000000000
00000000000000000000
00000000000000000000
00000000000000000000
00000101100000000000
00000001010000000000
00000011110000000000
00000000010000000000
00000101110000000000
00000000000000000000
00000000000000000000
00000000000000000100
00000000000000011101
00000000000000001011
00000000000000001011
00000000000000010110
00000000000000010110
00000000000000001011
00000000000000010101
00000000000000000000
00000000000000000111
00000000000000011010
00000101000000010011
00000000000000001110
00000000000000011010
00000000000000011010
00000000000000011000
00000000001011011100
00000000001101011001
00000000001011011100
00000000000011011010
00000000000101110110
00000000000011000100
00000000000100110110
00000000000000010111
00000000000000000110
00000000000000011001
00000000000000000000
00000000000000000000
00000000000000000000
00000000000000000000
00000000000000000000
00000000000000000000
00000000000000000000
00000000000000000000
00000000000000000000
00000000000000010110
00000000001011011010
00000000001010110101
00000000000101101101
00000000000110000100
00000000001001111100
00000000000010111010
00000000001111010111
00000000000101010101
00000000000000010101
00000000000000000000
00000000000000000000
00000000000000000000
00000000000000000000
10110000000000000000
00111000000000000000
00000000000000000000
00000000000000000000
00000000000000000000
00000000000000000000
00000000000000000000
00000000000000000000
00000000000000000000
00000000000000000000
00000000000000000000
00000000110000000000
00000000010000000000
00000000000110100000
00000000001010100000
00000000001011100000
00000000001011100000
00000000000000100000
00000000000000000000
00000000000000000000
00000000000000000000
00000000001001100000
00000000001111000000
00000000000101100000
00000111100011100000
00000001101010100000
00000001111100100000
00000101101011000000
00000110010100000000
00000000000000000000
01100000000000000000
00101000000000000000
10011000000000000000
00110000000000000000
11011000000000000000
11000000000000000000
00000000000000000000
00000000000000001100
00000000000000000000
00000000000000000000
00000000000000000000
00000000000000000000
00000000000000011110
00000000000000001011
00000000001010110101
00000000001111000011
00000000000000100111
00000000001011100000
00000000001000000000
00000000000000000000
00000000000000000000
00000000000000000000
00000000000000000000
00000000000000000000
00000000000000000000
00000000000000000000
10101000000000000000
00000000000000000000
00000000000000000000
00000000000000000000
00000000000000000000
00000000000000010111
00000000000000000000
00000000000000000000
00000000000000000000
11010000000000000000
01111000000000000000
01110000000000000000
11101000000000000000
01000000000000000000
00000000000000000000
00000000000000000000
00000000000000000000
00000000000000000000
00000000000000000000
00000000000000000000
00000000000000000000
00000000000000000000
00000000001010100000
00000000001110000000
00000000000000000000
00000000000000000000
00000000000000000000
00000000000000000000
00000000001001100000
00000000000010100000
00000000001100000000
00000000000000000000
00000000000000000000
00000000000000000000
00000000000000000000
10110000000000000000
10111000000000000000
10011000000000000000
11011000000000000000
00000000000000000000
00000000000000000000
00000000000000000000
00000000000000000000
00000000000000000000
00000000000000000000
00000000000000000000
00000000000000000000
00000000000000000000
00000000000000000010
00000000000000011110
00000000000111010101
10011000000110011011
01101000001010100000
00001000001011100000
00000000000110000000
00000000000010000000
00000000001001000000
00000000001010110110
10000000001011000000
10010000000011100000
10111000000111000000
11101101001001100000
11101011011110100000
01100001110000000000
11100000110000000000
01001010110000000000
01011110110000000000
00000001110000000000
00000000011001100000
00000000001011100000
00000000001001100000
01101000001011000000
10101000001011000000
00010000001110100000
00101000001101000000
01110000000000000000
10010000001010100000
10101000000010000000
11101000000000100000
10111000000000000000
01100000000000000000
10101000000000001111
11001000110000001011
00111000000000011110
00000000000000001111
00000000000000001111
00000000000000000000
00000000000000000000
00000000000000000000
00000000000000000000
00000000000000000000
00000000000000000000
10001000000000000000
00000000000000000000
00000000000000000000
01011000000000000000
10111000000000000000
11100000000000000000
11100000000000000000
11100000000000011100
00000000000000001110
00000000000000011001
00000000000000001110
00000000000000011000
00000000000000001110
00000000000000001100
00000000000000001011
00000000000000001111
00000000000010011010
00000000001011101111
00000000001100001111
00000000000111001011
00000000000000011100
10100000000000011100
00111000000000001110
00111000000000010111
00000000000000011110
00000000000000010101
01101000000000010101
10111000000000010111
00000000000000011010
00000000000000000000
00000000000000000000
00000000000000000000
00000000000000000000
00000000000000000000
00000000000000000000
00000000000000000000
00000000000000000000
00000000000000000000
00000000000000000000
00000000000000000000
00000000000000000000
00000000000011000000
00000000001011100000
00000000001100100000
00000000000000000000
00000000000000000000
00000000001100000000
00000000001000100000
00000000000100000000
00000000001100000000
00000000001110100000
00000000000000100000
00000000000000000000
00000000001111000000
00000000001011010110
00000000001101101110
00000000001001001011
00000000001100001011
00000000000000001011
00000000000000001001
10111000000000001111
10011010100000000000
10011101110000000000
10110100000000000011
00000000000000000111
00000111100000011001
00000011100000000000
00000000000000000000
00000000000000000000
00000000000000000000
00000000000000000000
00000000000000000000
00000000000000000000
00000000000000000000
00000000000000000000
00000110010000000000
00000101110000000000
00000111000000000000
00000010110000000000
00000111100000000000
00000011100000000000
11011001000000000000
01011010110000000000
10110000000000000000
11001000000000000000
00101000000000000000
11100011110000000000
00101111010000000000
11011001110000000000
00010111000000000000
00000101100000000000
00000101010000000000
00000000000000000000
00000000000000000000
00000000000000000000
00000000000000000000
00000000000000000000
00000000000000000000
01010001000000000000
00000000000000011100
11100000000000001110
00110000000000001101
01110000000000000001
00001000000000010011
00000000000000011110
00000000000000001011
00000000000000001011
11100000000000010101
00000000000000010111
00000000000000010011
00000000000000010101
00000000000000010110
00000000000000001011
00000000000001001110
00000000000000011100
00000000000000011000
00000000000000000000
10010000000000000000
00000000000000000000
11011000000000000000
11100000000000000000
01001000000000000000
00000000000000000000
00000110000000000000
00000101110000000000
00000110010000000000
00000110010011100000
00000101100000000000
00000111100000000000
00000110110000000000
00000011000000000000
00000000000000000000
00000000000000000000
00000000000000000000
00000000000000000000
00000000000000000000
00000000000000000000
00000000000000000000
00000000000000000000
00000000000000000000
00000000000000011001
11011000000000001111
11011000000000011110
10011000000000011011
10000000000000001011
00000000000000011100
10001011100000001011
00000101100000010111
00000010110000010011
00000000000000010111
00000000000000000111
00000000000000010110
00000000000000001110
00000000000000000000
00000000001110100000
00000000000000000000
00000000000000000000
00000000000000000000
00000000000000010111
00000000000000011011
00000000000000000000
00000000000000000000
00000000000000000000
00000000000000000000
00000000000000000000
00000000000000000000
00000000000000000000
00000000000000011110
00000000000000010111
00000000000000000000
00000000000000000000
00000000000000000000
00000000000000000000
00000000000000000000
10111000000000000000
11001000000000000000
11100110010000000000
00000011100000000000
00000111010000000000
00000100000000000000
00000101010000000000
00000101101101100000
00000111011001100000
00000101001011100000
00000000000000000000
00000000000000000000
00000000000000000000
00000000000000000000
00000000000000000000
00000000000000000000
00000000000000000000
00000000000000000000
00000000000000000000
00000000000000000000
00000000000000010100
00000000000000011011
00001110100000001101
00000000000000000000
00000010000000000000
10011001010000000000
11011000001111000000
00000000001011000000
00000000001001100000
00000000000101100000
00000010001111000000
00000110101101000000
00000000001101010101
00000000000100100000
00000000001111000000
00000000001101000000
00000000000001000000
01111000000101100000
01010000000010000000
11011000000101100000
01101000000001100000
01011000001101100000
00000000000111000000
00000000001100100000
00000000000000000000
00000000000000000000
00000000000010100000
00000000000000100000
00000000000000000000
00000000000000000000
00000000001101100000
00111000001110100000
00000000001010100000
00000000001110100000
00000000001000100000
00000000000000000000
00000000000000000000
11000000000000000000
00000000000000000000
10000000000000000000
00000000000111100000
00000000001101100000
00000000000101100000
00000000001110000000
00000000001010100000
00000000000100100000
00000000000111000000
00000000001101000000
00000000001100100000
00000000000011000000
00000000001001000000
00000000001111000000
00000000001101100000
00000000001011100000
00000000000011100000
00000000001101000000
00000000001010100000
00000000001010100000
00000000001000100000
00000000001010100000
00000000000010100000
00000000001110000000
00000000001010100000
00000000001010100000
00000000000000000000
00000000000000001100
00000000000000010011
00000000000000011110
00000000000000000000
00000000001110100000
00000000000110100000
00000000000111100000
00000000001011000000
00000000001110100000
00000000001111000000
00000000000010100000
10101000000101100000
01110000001010100000
01011000001011000000
01101000001010100000
10011000000110100000
11011000000000000000
00000000000000000000
00000000000000000000
01111000000000000000
00000000000000000000
00000010001111000000
00000011111111000000
00000000000000000000
00000000000000000000
00000000000000000000
11011000000000000000
11011000000000000000
00110000000000000000
00000000000000000000
00000000000000000000
00000000000000000000
01011000000000000000
01110000000000000000
10011000000000000000
11011000000000000000
11100000000000000000
00010000000000000000
11100000000000000000
11100000000000000000
10011000000000000000
11011000000000000000
10011111010000000000
11100101000000000000
10000101110000000000
00111011010000000000
11011110010000000000
11011100100000000000
00000110100000000000
00000000000000000000
00000000000000000000
00000000000000000000
00000000000000000000
00000000000000000000
00000000000000000000
00000100010000000000
01101000000000000000
11100000000000000000
10110000000000011011
01000000000000010111
00000000000000011010
00000000000000001110
00000000000000010110
00000000000000011010
00000000000000010111
00000000000000000111
00000000000000000000
00000000000000000000
00000000000000000000
00000000000000000000
00000000000000000000
00000000000000000000
11100100000000000000
11100101100000000000
11100000000000000000
11110000000000000000
11001000000000000000
01110000001111000000
10011000001011100000
10010000001101100000
00011000000000000000
11100000000000000000
01110000000000000000
11100000000000000000
10110000000000000000
10111000000000000000
10101000000000000000
00000000000000000000
01110000000000000000
01101000000000000000
00000000000000000000
00000000000000000000
00000000000000000000
00000000000000000000
00000000000000000000
00000000000000000000
00000000000000000000
00000000000000000000
00000000000000000000
00000000000000000000
00000000000000000000
11101000000000000000
11100000000000000000
00011000000000000000
11110000000000000000
00000001000000000000
00000000000000000000
00000000001110000000
00000000000101100000
00000000001001100000
00000000000000000000
00000000000000000000
00000000000000000000
11010000000000000000
01101000000000000000
00000000000000000000
00000000000000000000
00000000000000000000
00000000000000000000
00000000000000000000
00000000000000000000
00000000000000000000
00010000000000000000
00000000000000000000
00000000000000000000
00000000001101000000
00000000000101100000
00000000000000000000
00001000000000000000
00000110010000010000
00000111100000011010
00000001010000011101
00110110111100111010
10101000111101101011
00101000001010111101
11001000000000001101
11100000000000001101
11001000000000011000
11011000000000001011
00000000001010100000
00000000001110000000
00000000001100100000
00000000000000000000
00000110110000000000
00000000000000000000
00000000000000011101
00000000000000000000
00000000000000000000
01001000000000000000
01101000000000000000
01000000000010000000
00000000000000000000
00000000000000000000
00000000000000100000
00000000001010100000
00000000001101100000
00000000001101100000
00000000001000100000
10101000000001100000
00000000001010100000
00000111101101001110
00000101011000110101
00000001111111001000
00000110110000001011
00000010110000000000
00000110110000000000
00000000010000000111
00000111000100110010
00000000110000001000
00000011100000001011
00000100100000001100
00000000000000010111
00000000000000000000
00000000000000000000
00000000000000000000
00000000000000000000
00000000000000000000
00000000000000000000
00000000000000000000
00000000000000000000
00000000000000000000
00100000000000000000
00010000000000000000
00000000000000000000
00000000000000000000
00000000000000000000
00000000001111000000
00000000001010100000
00000000000101100000
00000000000110000000
00000000000010100000
00000000000011000000
00000000001011000000
00000000001010100000
00000000000111110111
00000000001100001011
00000000000000000000
00000000000000000000
00000000000000000000
00000000000000000000
00000000000000000000
00000000000000000000
00000000001100000000
00000000001110100000
00000000001101000000
00000000001001100000
00000000000000000000
11101000000000000000
11100000000000000000
00000000000000000000
00000000000000001111
00000000000000010101
00000000000000000000
10000000000000000000
00000000000000000000
00000000000000000000
00000000000000000000
00000000000000000000
00000000000000000000
00000000001101100000
00000000001101000000
00000000000000000000
00000000000110100000
00000000000101100000
10101000001101100000
00000000001011100000
00000000001101000000
00000000001110100000
11011000001010100000
11000000000000000000
11011000000000000000
00000000000000000000
00000000000000000000
00000000000000000000
01010000000000000000
01011000000000000000
00000000000000000000
00000000000000000000
00000000000000000000
00000000000000000000
00000000000000000000
00000000000000000000
00000000000000000000
00000000000000000000
00000000000000000000
01110000000000000000
01100000000000000000
00101000000000000000
11100000000000000000
10111000000000000000
11001000000000000000
00000110010000100000
00000000000000000000
01001000000000000000
11100000000000000000
10111000000000000000
00000000000000000000
00000000000000000000
00000000000000000000
00000000000000000000
00000000000000000000
00000000000000000000
00000000000000000001
00000000001001010111
00000000001011110010
00000000000000011010
00000000000000001110
00000000000000000000
00000000000000000000
00000000000000000000
00011000000000000000
11010000000000000000
10001000000000000000
00000000000000000000
00000000000000000000
00000000000000000000
00000000000000000000
00000000000000000000
00000000000000000000
00000000000000000000
00000000000000000000
00000000000000000000
00000000000000000000
00000000000000000000
00000000000000000000
00000001010000000000
00000000000000000000
11001000000000000000
01110000000000000000
01010000000000000000
11100000000000000000
11100000000000000000
11100000000000000000
11100000000000000000
00000000001010100000
10011000000101100000
00111000000000000000
01000010100000000000
00110000000000000000
10001000000000000110
00000000000000000000
00000000001010010011
00000000000000011101
00000000000000011101
00000000000000010111
00000000000000011010
00000000000000110000
00000000001101000000
00000000000000010110
00000000000000011101
00000000000000011100
00000000000000000000
11100000000000000000
01111000000000000000
01101000000000000000
01101000000000000000
10111000001010100000
00000000000101100000
11000000001111000000
11100000001110100000
11101000001010100000
01110000000000100000
01010000000111100000
11110110001011000000
10010111000000000000
11010000000000000000
11100000000000000000
00000000001001000000
00000000000011101000
00000000000000010101
00000000000000000110
00000000000000000000
00000000000000000000
00000000000000000000
00000000000000000000
01111000000000000000
00000000000000000000
00000000000000000000
00000000000000000000
00000000000000000000
00000000000000000000
01110000000000000000
00000000000000000000
00000000000000000000
00000000000000000000
11100000000000000000
00000000000000000000
00000000000000000000
00000000000101000000
00000000000010100000
00000000000010100000
00000000001101100000
00000000000011100000
00000000000000000000
00000000000000000000
00000000000000000000
00000000001110100000
00000000001110100000
00000000000000000000
00000000000000000000
00000000000000000000
00000000000000000000
00000000000000000000
00000000000000000000
00000000000000000000
00000000000000000000
00000000000000000000
00000000000000000000
00000000000000000000
00000000000000000000
10010000000000000000
01011000000000000000
01001000000000000000
00000000000000000000
00000000000000000000
00000000000000000000
00000010100000000000
00000011100000000000
00000101110000000000
11001000000000000000
00001000000000000000
00000000000000000000
00000000001010100000
00000000000010000000
00000000000000000000
01110000000000000000
11011000000000000000
11011000000000000000
10101000000000000000
11011000000000000000
00000000000000000000
00000000000000000000
01111000000000000000
00000000000000000000
00000000000000000000
00000000000000000000
00000000000000000000
00000000000000000000
00000000000000000000
00000000000000000000
00000000000000000000
00000000000000000000
00000000000000000000
00000000000000000000
00000000000000000000
00000000000000000000
00000000000000000000
00000000000000000000
00000000000000000000
00000000000000000000
00000000000000000000
00000000000000011110
11101000000100000010
00001000000110010101
11100000001100101001
10111000000011001011
11100000001100111100
10011011100000010000
11001101010000011011
00000011100000010110
00000101000000001011
10011011101101110010
00000000001110000000
10011000000011000000
00111000000110000000
11100000001101100000
00000000000100100000
00000000000000000000
00000000000000000000
00000010000000000000
00000000000000000000
00000000000000000000
00000000000000000000
00000000000000000000
00000000000000000000
00000000000000000000
00000000000000000000
00000000000000011010
00000000000000011101
10011100100000001110
00010000000000000110
00000000000000001110
00000000000000000000
