00000000000000000010
01011110100010110101
11101001011011011110
10100000111001110001
10110101011000111100
11011000001101101101
00101010001111010001
00001000111111001010
11101101110000011111
01110010100111010011
11000100000011110110
11101011111101001100
10011100010011000101
01100010011110001010
10110111111001001110
10000011100010111010
01110111011100110000
11100100110111101110
10101100010101100010
01001001001001110101
00000010111000001000
00111110111001111100
00001100010111101100
10110111110110011111
11111101010100000000
10000010010110010001
00110010101011110101
01001110011010000011
10101011010101010101
00111001000001000110
00011001010101000111
00010101010111111001
00000010111100100100
11110010000011101000
11001001111010011111
10110100001100010000
00110001111101101111
10001111110110101110
10001010010110011100
00000000111101100100
00000011111101011000
11001111010110101000
10010010110010010000
01010010110111111101
01100000111101010100
00111100001001111000
00111011000100001000
10111100010100101110
01111000011100110101
00000110001010110010
10011011100010101101
11111001011101110111
10110110100110111101
00000100111011001110
11001010111101001001
00000101110110101010
00101100101010100101
10000010010111101111
01101001110101101111
01110011001011011001
10001010000011101101
11010010000111110101
11100001110110100101
10101100100101011110
01100101101100111111
11001010100000010010
10011110010110010000
11111110010010010010
01000000001111001100
01100010000111001000
00001101001000000111
00101001010111010111
10011001010010010110
01110110011111100101
00001101001010011110
11100010011011100101
11101011010101000011
00000010100011111000
11010011010100011110
01000011011100011001
00010010010110101000
11110001001001000101
00101100110001001000
00101011000011000111
10110001010110111010
11000110001100100011
10110110110111101001
00000010011101100001
10101010010001000010
01001011010110001100
11101000000000100101
10000000110110010010
11001100000010000101
11011111111011100000
00011101111110101101
00001111001101011000
10001001110011010111
11001100001101011110
01010110111011111100
10100001000101100100
00100010001011111010
10100100110001010101
00010110100010001010
00001100100100110100
11111011001100101101
01111001011010101111
00111110000101110011
01100111001010111010
11100011110011001010
01011111110110010000
01010110101100000110
11100001010110001100
10001001000111101010
11111110110010000010
11110000111000011011
01100000010110000000
00100101100110101100
11110001100000010000
11101000011101101001
00000010100000010000
11110101110001111010
01000000011000111100
11111100011110110001
00101110001111001110
01001100111011010110
00100000001110111000
01010010010111001111
01010111110001111110
01010011001100011100
10000100110100010010
00101110011111111111
10001010001011101001
00100100001001110111
10110101111000101100
10011000000001001011
01010011011010000101
00101111111000001101
10111101011010010100
11110001010000001101
11101110011001011000
01000111111100000001
11101011100101011000
10100000010011111100
10010000001110011000
11010101011010011010
11011100110010000111
11110011100101111111
11001101010100111100
00011111000101000101
00101000101010100001
00001001010100100101
01101011000111001000
10000011110101001001
00010011110110011110
00100110001100000000
11111101001101101001
01110101111101010110
11110101110100011110
10000111011101110001
01011010001001010110
11110110001010010110
00110111000001101010
00001110101001100011
00100011110111000111
11000010001000000100
00010011010010000110
01111011110111110011
11111000111010011110
01110011010000010101
10010011111000111100
01101111001100011001
10010000000010000101
00101000110111011011
11100100101100101101
11010000011011000000
01010100011010101100
10111100101111000100
10100100011100101111
01100100001010111010
10100101110101010101
01100010110101110000
10100010010110111101
00111001000100100001
10111100111111110110
01111000101111010111
10100001110011100100
00000000000010111001
00001001110100110000
00011001111111001010
11000010011101100001
11011101110111111111
01101011111110100011
10101100100001000010
00101100011011010111
00000110010011101011
10011010010110000011
11110010101111101111
11010011010001110011
01101001010100010110
11000010001010101110
00000101101010011000
11010101101011011000
00100000010111100001
10001110001110110110
01100101100000010010
11010001000011011001
01111101111110000011
00110100000101111010
10111001010000011111
00000011000100000101
10111110111000101000
10100100010100011000
11110111101000010100
11010001000000110111
01110010000100011101
01101010101001101101
11111111001101011011
11011000001001001110
10101110010000111011
00010111000011100110
11111011111110000010
00010110101101100001
00001011110100111110
11010100111010101010
01010000100101010010
00001001011000100000
10001100111110010101
11101110011010001111
01011001010100100101
10011101111010100010
11011100000101100100
01101110000010000100
00111110010101010101
11010111111110101110
10001101111110011110
01001001010000111110
11000111011000001001
01010100010100010111
01100110000000100101
00110110100101010010
10001101101000100000
11011111111101101001
11000111101101100001
11000011110010011000
10110010100010000010
00110111100000011111
10101011111011000010
11100110100010010001
11100011100011000100
10011101110111000010
01111001001000101100
01010000001110101000
01010101010101000101
00110101000000011100
01101011110001101010
10100010111110010000
11001011100111101000
01000011110011011110
01111011001001010110
11101010101110011000
01000101000100010101
10100100000011001010
10000100000001010100
00001100000111101101
01111101011101110001
00111010110111101000
00001011111111010001
00100001110111110011
10010110000001110110
11111010101011101001
11111000111010000110
11000010100100011101
11111100100100101010
01000100101001000101
11010001110110111101
11000100101001001000
00000010110011011110
11111100111111001101
01010111111101011100
01110100010111111110
10001001110111011001
01101110010101011001
00001000110100011001
11001100001111010101
11110001011001111000
00111100011100001111
10011101001111011110
00010010001010000111
11111000000111010101
10100111011011001010
00111100011111001001
11011110111101001100
01001000110110101100
01111100110110101000
11001000110000110011
11111110000000011110
01001111111101110111
00111001000100001001
00100011001101001101
11001100010001110111
11101110110111011011
01111000111101111100
00000100110000001010
10011100100101111100
00010100001010110001
00111001001010100011
11011010001100101011
00111010111010010110
00110101010011110101
01010101110011111110
11001100100011110000
00001000000011110011
00000001010111011011
00100101000000000000
00001101111010100100
10001000111111011001
00011111110111000010
01000110011000101011
10110010011011111101
01001000011000000111
00011010000111001101
11011000111101111111
10110001100101010010
11100000100011101010
01011101001111101110
11001001111010110111
10010010010011001000
11011111001010101101
00000101111000000011
11110010100110110100
10100001001010001001
10000101100011100101
10001001000111110100
11001001011110011010
11110101110100101011
01010110000111101110
00100001010000000000
01100000000000000010
11100101100100011110
10001010100010001010
00000110111111110100
10001011010010100101
01111100010110111101
00100101110010000010
11010001001100100011
01001110101111011011
10010011011110110001
10100000110001001100
10010110111100000001
11001110101000101101
01011010101110101100
10000111011000101001
00110111010100111010
01010010001001101101
00111010010110000101
00111111101010010100
11001110110010101111
11001001101011110111
11001100101101101100
11101111011100000100
11101110001111101100
11111000111001011101
01101011110011111111
01100010110110000110
00011000110110110010
00000011111011000011
00101010110011110110
00100100010011000000
11001000001110101010
10101101000000000110
01111100101011101110
11111101000001111110
01101000100010011101
00100010001010110001
01101011100101101111
10011100001011100010
00100000111001000011
10011000110111101001
01011011010011101111
01011111100101100010
00111000111011111000
00100010100101011110
10100011111010010000
10001010100101000100
11010101110101110000
11001101000111010000
01101110110010011100
11111100111001011100
10011001001000011011
10010100000110110110
10101101111110000001
10001100011001100000
01100010001010100100
00000101001101011110
10100110001001110100
01100110000010000101
11010010111101110101
00111011010100101000
11011000010011111010
10111101000100010001
00011010100000101010
10000001010001111101
01101000011101100111
00000000100100001101
00100010001000000101
00011100010010010010
01011000110101011110
00011110111100110111
10000111101111100111
10100010100100111001
10000001100110110000
10001001010010101000
01101101100000011111
00100101111110111101
10100101000101111000
01100100000000111111
11110001000001100011
10110011101011001010
00101000101111100010
11000000100111111011
00011000000101111000
01001010110111111011
10011110010001100010
11111011100010110011
10010110100000000011
10101110000000011101
00010110000011100111
01011101101000000110
00001101001100100100
00101000001001010110
01100111010101001000
01101001011100101110
00100011101010111101
00001101000011011000
01010000111100100011
01010010001111110110
01111011001111010000
10001010100110010000
10011111010100100101
01011100100110100010
10001110000110110111
01100010001101001101
10101010100010011010
01001110111110100001
11001011111100110110
11011000101000011100
00001011000100111000
11001010111110010111
00101111000110101000
10010011001001001000
00101100001110010011
11111100000001010100
01100010010011000100
11101010001101000100
01110100011001111010
00110100100111011110
10110000011011111001
11001100110011101100
00011100100001011110
10010101111001000001
01101001101110011111
11111001011010110000
00010100001100110010
01100100001101101100
00111101011000010010
00111000101111100110
11101110110110011001
10001011010001011111
00101110000110111011
10000001100001110100
01100110111011110000
11111001111100110010
11101011111000111001
11100011001100111100
10100001111101011100
11111010000100001100
01100111110010000100
01001010111011100110
11110010111011111000
01110101000010100011
01000111101011001000
00001001000000001110
01110100000001110110
00011001101010101010
00111110111101101111
11111011110111100011
10111001101110110000
01110101101111011010
01101000010110100000
00110100101100110111
01111001101001010000
10011000101001110001
10101100100010101111
10110100101011010110
10110110010110010110
00110101000010100100
01111000110011000001
00101100011000000011
10111010001000101100
11011011100100111011
01100101101110100011
11000110100110101101
01100101010011000101
01000100000100101011
10011011000010011010
11001100110011101001
11101001000111000001
11111110000000010100
10011011001110010101
10011100101100010111
10001111101110111111
11010000010010001001
11100110001010011011
11110101010101001111
11000100011000001100
10010011011011111000
00010101111010010010
10111110000000111000
01001100011011001111
00010000111100101110
01100110100110111111
11000001101000100111
00010001010110000000
01000001000010111001
00111101000011111001
00110001011110000011
01101100110110000001
01011111000011010000
10000011010011111000
00010101011011100010
00100101010000010000
10110010000001010010
10111010101001110010
10000011010101111110
01110101111001000000
11011101101101010110
10000100110100101000
01000000111100110011
10111011000000111011
00011100001111100100
00001101111111000000
11010011000100001011
01011110111100010010
01010101101011010110
11001101001010011011
00111001101111101000
11011000001011001010
00001010111000100001
00101100000001010000
01011101001001111001
11001100000011000010
01110010101111011011
10010100001001100010
00110011000101100011
10110001101001111100
10110010110011111101
01111011011000011010
10001111100011001101
11010010111001001000
00011000111110110011
11000111000100100011
00011111000011111010
00101001110111001011
01110100011110011010
10101111101010010010
10001000000000000111
10010011111100100000
00111110111001101110
11001101111010111100
11000100000101100111
10110000000000011101
11100101000110101110
01011101100101010101
00100101010010100010
00101101011110010110
01011101011011001100
10110011101111010110
10000101101100100101
00010000010000110001
00100111110000011001
01001111010110101100
00111011010011111011
00100101100110111011
00110101111101100100
11111110011110001111
00001111001100000111
10101000101101011110
00000111101000111111
01110101011100111110
10011110010110001000
01110010111000000110
00100110001111111100
00111010011010001100
01000100011101011010
10000111110111001010
11001000011111001000
10110111010001011001
00010001110010111111
01111000101010110011
11100111111110001111
10110111100101011000
10001010111011010011
00111111111110001100
10110000100000110111
10111100111101101111
11001111111101010010
11001001110110000111
01110110010011101001
11110000000101110100
11000011110111101000
01010010011101101101
01101010010011101000
10011101001010100111
11010100000100000000
10011011000000010111
01011001110111001010
00100011101111101001
11010100111010111101
11001001101111110011
00001011000010000111
10010011011101100101
00000010101000111010
10011100110110101010
11100110100000100011
01011110010101001000
10010110111111011001
00001111011000110111
11111101110100011100
01001110100001001101
01011000000001010000
10111111010011110001
01111110101100111100
11100110100110000010
10000001001111110111
01110001101101001110
10010011011010010100
10001110010001001000
10010001000000011101
11000100101100011001
10010001001110111000
00000010111110011111
01100100010100010111
01010101000000110010
11101011111100001011
01011010001011100010
01010010010001011101
11100101001010000110
01100011011110111000
00111110000110001001
01110010011110111000
00011111001010001100
01100101100010111101
11110101001101101000
10100000011100111100
11010100011000110010
11011011010101011011
11010001110000011010
00011011100110111001
01000100110110100110
11001011101010001011
00011111000010110111
00110010011101110000
01001001100110010110
10010110110100001100
01110100100010111101
00110000000011110111
11001000010001010100
00101000110111000110
01100100110100011001
00101000110011111101
01110000100100100100
00110101111101101110
00100001101100100100
11111001010000110011
10110001101111100001
01001001001001111001
11100011000110110110
01111100110100110001
00001001000010100111
01000100110110011001
01111011001010101100
01001101010110100100
10111010011001011100
10011101010110001011
01110111111010011001
01110010101111100100
10100110001011010111
01101101011110010111
11111001001111000100
10110011100000010000
00100100010101010010
00111101001000000100
11110110111010100110
00001100011110110001
10001101100011010100
01110111011000100110
00010010110101111101
01110011101010110010
10100111101000000101
10010110011111011000
00011101101110011100
00110011010000100100
00001110111010100010
11101111110000010010
11001101000011101110
10011001100010111011
10101011000001011001
00000100111101100101
00000000100111111101
00101010000101001010
01111110110001010010
11111101010010000011
11000001010010110101
10011010001111100101
11000010100011000001
10001100100111000011
00010000000000100001
11011101101100101110
01011000001011011100
10101100100101001100
10100101110001001100
01101001111110111010
01011100100011100010
01010010101000000110
00110001001111101011
01110011110101101110
00000101000000011010
11101000010001100110
10000110100011100000
11101111001111011101
00001010101010110000
00101000001000111111
11111111011010011000
00101111111011010011
11001111000110010110
00100000111001011000
10001001110100101001
00100100000110110001
00111011110011011101
00101000000010111100
11110001111110101001
10001000011010011011
10110111111111010110
01010001000001001101
11101111110100111101
10010000010110110101
00000101011001000110
01101001101010101110
10111100011111111110
00011010100010011101
10100000010010001101
11010000101000110110
11100001100101100001
11000011011111111100
11001100001110011011
01101111111011110110
01111100110110000000
01001001010001111010
00110011000110101100
00011110001101100010
11001011111010111001
01011100000111000011
11001111010000100100
10100000110110011100
00001000011011101110
01000000000001111101
10001101100101111010
10001100100111011011
00111000011110010100
11110111001100101011
00000101101100010001
11010011110001011100
01011101001101110001
10010100101111011010
11101100001110110100
00100101111110010101
00001010000110101010
11110100100011011001
01100001000001101100
00111100110001111010
00100111000111000101
00011110100100010000
10010100001001010001
10101001000110000001
10101101110110010010
01000010111110110101
00011100100010100111
00000001001110001011
10100000000010101000
10100011001001111110
10100111101100100101
10010000001000111100
00111011111010010111
01001101111001101010
10110011110011110101
00100110101010100110
11101110101011110010
10110000110100001101
00100100010001000010
10010011111010100101
10111111001110110010
00000010101110110110
11110001011001111000
01001101010111100000
10110110100111101110
00000110010010011001
10011100010100111101
01100001111011100101
01010001000001010000
10001011010101011011
11110001001100001100
01110011000011111001
00001000101110001111
01010000101010000110
01001011111111101001
00101010011101110000
01110010000101001000
00001011011001010101
01101101100011100110
01011010101100111100
11010110000000100100
10010000100000100001
01100010001001011000
10111010111001000011
01000010111101100100
11100100001001110111
01110101100011010101
00001100011011111000
00111100001011101000
11000110100000001111
01011001011011110111
00111111101000010110
11111111101000011100
11001000100010101000
10100110100101001010
10010101110100110101
11000100101110010100
01111111100011111101
10001110001010001110
01111011110000000111
00101100101011111010
00110101001110010001
11010100000000011100
10100001101100000001
01110011011010001110
01101001101000001000
01111011000111010111
11000010111001111010
11000010111110110100
00011000000101101010
10001111001101111110
00000001101110100010
10000010000010110000
11101011100000001010
01100001010010001100
10111000001011100100
00101111011000111111
10111110001100101010
01101100011011110010
00010101100101101100
01010011010010011111
11100000011110001111
01000100110010100010
00111001110101101111
11111100101010111001
01110100111101110000
01010101000110011100
00011001000001101010
01001010100111110000
11001001100011110110
11111010000000001000
11110011010001001110
01000011100000111011
11100100011110000001
10100111110100101111
10011100001100100101
10011000100010010001
11101010001111110110
01010111100111011000
10011100000001101000
01101111101001100111
10011001110100101000
01001010111000101010
10011111010101001111
01100011110111001010
00111011011111000100
10110101001110100011
11000011110101110010
01001001111000000001
01001010001110100011
01101101010001011110
10101000010110100101
11001111110000010000
10110110111100001001
01111011100011000011
00110110100101010100
11010010101000101111
11100001000110110111
11001101100011001000
11110010001100011011
11001000101100011001
00010000110000111001
11000100110001010110
00101100001110010101
11100110011100110100
10110110011010010110
00001101011000111010
01101101011111010101
10111101001011101000
11101000001100010011
00000000110100101110
01101111110111010100
00101010101010000001
01011010011110010011
10110110001000100110
01010000011110111110
00110110101001111010
01100001011100101001
00001001010010000010
00101001010010110000
01001110000100010111
10101000111110110001
00001010001000101011
10100010000011110011
10101011110100101100
00001101111001001111
01011101101000100111
00010010010111100000
10111010110111000111
11001110010001110101
01100000111111010000
10110011100110011111
11000111010010000101
11010000001011101111
10100011100010111110
11110100011110110011
01000000000111110111
10111111111100100100
10100000011001001010
00110111100100111100
11000111100010110101
00010010101110110001
10010101100100000010
00001000010011111101
01111001000011101011
10010011101101000001
00010010001111110010
00011110100101111001
10100111111101111110
11110100011110001100
00011110011001110101
10001110000000111101
01011011000001001101
11010011101011001010
00001101110000100100
11110110100101010100
01011000000011100100
01010000011011101010
10111001001111110011
01111101010110100100
10001100100001010100
10110100000011111101
01010111010100000000
11000101010011000101
00010011000010011010
00000011100000011011
10111100110101110000
00000001100011110001
01001111100001100111
01010110001100111011
00111010011011100110
10000010101110101001
01111101011010001100
11111100101000000100
01010111111001010100
10110001001101011000
01111100100001001100
00010100101100111001
11101110110100010100
01111000010110000000
11101100001100100111
10111101101100100001
11011000100101100111
01010010100111110101
11010000101110101000
11111111100010111011
10101101010011001000
11001001010101101011
11000010101001111101
11011000110101101010
01001110100111001101
11111100000101100110
10010000100110110110
00001001100010010011
11001101000001010110
11100001110011001110
10000001010001110111
00011111110110011000
10011100001001101100
00111101011000011000
