00000000000000000000
00110000000010100000
00101000000000000000
10110000001110000000
11101011101011100110
11001110101000010110
01011000001010111011
01100011100011001000
11101000000011100111
00000001000100000101
00000000001010100000
00000001001001100000
00110011001011000000
00110001000000000000
00000000000100100000
00000000000000000000
00000010011010001011
10000011101111001011
11110001101111011101
10001000001100111101
01011001001010111101
11001001110101000000
10000100111011100111
01001011101010001011
10001011111001111100
00000010000010110110
00000110101011001111
00000100110001011100
00011110100111001011
00111000001001011011
00000000000000000000
00000000000010100000
00000000000000000000
00000000000010100000
00000000000000100000
00000000000000000000
00000000000000100000
00000000000000000000
00000000000000000000
01100000000000000000
01100001001001000000
10010110011010110010
10011010110000110110
00100011111011101110
10000110011100000000
00000010000100110010
00111100111101000101
10011110101000010011
11110010000101110101
11111000001100111110
00100000001111000101
01011101111000111101
01011111001111010110
01011111011101000000
01011010110101000000
10111001111111000000
01111001101011000000
11110001110101000000
01000010110110001011
00111011010000100000
11010001100111100000
01100110001111011011
10110100110001011011
11110100111001001011
10111110100000100111
10110101110010010111
00000100110000000101
01001110110110010101
00000100010011111011
00000100110011000111
01010001111010011011
10101000001111101011
01011010101011110011
10110010011111100000
00000111100011100000
10010010011100100000
01000000111010101011
10111011110111110110
00000000000110010101
00000000000000000000
00000000000010000000
00000000000000000000
10000001000011100000
00000001000000000000
00000000000010100000
00000000000000100000
00000000000000000000
00000000000010000000
00000000000000000000
01000001111001000000
11110110100110000000
00111000001011111010
10100100111001100101
10000011100000000101
00111000000000001011
00000000000000000011
00000001000010000000
00110000001110100000
00010000001010000000
01100001010001000000
00000001000011100000
00000000000000000000
00000000000000100000
01100000000111010001
00000000000000000000
00000000000000000000
00000000000000000000
00100000000000000000
00111001001001011010
00000011101010000101
01011100110111011011
11100100110010000000
11101100111001100000
11101100100111000000
11010100101110101000
11101010111011100000
01101001000001000000
11001011101101000000
11100000010001100111
10110000010001111101
10000010000111111001
00000000000011000001
10110011110100000101
10000111101010000000
11111011110111100000
10000101010101100000
11101110101101100000
01011100110001000000
00000001100000000000
11001001101001100000
11101110101110000000
01011111011111000000
11101101111001000000
11011110101011100000
10110110001010100000
00111000000010101000
11110010111100011100
01110100110001110111
11001100100110000000
00000000010000110010
10000100011000000000
11000110101000100000
11000100101001100000
10110110101110000000
01011100010001000001
10000110110000011100
01011100111101101000
11011100101100111101
10101110111000001101
10110111100100101001
11001100111100100000
10000101000000000000
00000000000000000000
00000000000000100000
00000000000010100000
00110011100110000000
01011100110111100000
10000000100100100000
10110100101110101000
10111000001100111101
00000000000000100000
00000001001000000000
00000000010000100000
00000000000010100000
00000000000010100000
00000000000010100000
00000000000000100000
00000000000000000000
00000000000010100000
00111111011111100000
11110111001101100000
11100110101010100000
11101100101111100000
10101110111010100000
01100001111000100000
11101001100011100000
01000101010101110110
00110100110011101110
01011101101101000000
10100001111111001111
00111101110010100101
00011111101110000110
11010111110001111010
10111111100101101100
01000111101010100001
11110111001000101101
00000100010000100000
01000001111100000000
00000010110110011011
00101000001001100000
00000011110101100000
01011011110001100000
11011001110001100000
01000000110010100000
00000001000000000000
00000000000000000000
11110000001000000000
01110101100101111101
10110111001000100101
00000110010100101110
00101111101110000111
10101100111000100000
10000110000011100000
01101100010010111100
01011011100010011011
00011001001000111001
01111000001000001111
10110000001110111000
00111000010001011101
00011001001000011011
00101111010101001100
01011001111110011101
01101101111101000000
11011000001011111101
00011001001110001011
00011100100011001111
00000001000110010010
00100000000000100000
00000000000010100000
00000000000000100000
00000001000100100000
00000001001000100000
00000011101110001011
11100001111101011010
11110101110001001110
10010000000101100001
00101001110011110100
01011100110001000001
00011101111101100000
11011110011001100000
01101110000111100000
00000000000010000000
00000000000000000000
01100001000110000000
00000000001000100000
00000000000000100000
00000000000000110010
00000010111100110010
01000010010111000000
10101000001101111001
11110000000001000101
01011111011001100000
00011111010100100000
01011011101111100000
00111011110111100000
11001011111001000000
11001100111000100000
10110100111110000000
01111000000001110110
00111011111100100101
11011011100001010110
01011101011000111001
10001111100010101011
11001111010000111100
00010010111000000000
11000100100011100001
11011011100011110111
01011111101111000000
01110010110110100000
10110100110110101000
11110111100010111100
11011101100100101011
01011001011000011101
11101011000101110110
00000101011111110001
01111101110011011100
10000101110111001011
10010100110001001011
01100111100101011001
11100100110100111100
10110001100111111100
10000011100001110101
00000111101111111101
00000011111001001110
11010001100110011100
11010001001111000000
10110000000110000000
11000000000100000000
00000000000000000000
00000000000000100000
00000000111000100000
00100011011100100000
00000001000000000000
00000000000000000000
00000000000000000000
00000000000010100000
00000000000000100010
00000000000000000000
00000000000000000000
00000000000010100000
00000000000000000000
00000000000100100000
00000010000100100000
11001011111001000000
01001001101010101011
11110000100100111001
10110000000110100100
01110010110001010001
00000010011010100000
00000000010000000000
00000000000010100000
00000000000010100000
00000000000000000000
11100001000101100101
11111000001101100111
01100110010111100111
10000111010000101111
00000011010011100101
01100000000001000101
11001101000100111011
10000111000011001011
10110011100001011101
01110001001010111100
10011000001111011011
00011101100010010010
01110001110000011011
00111000000010011000
11101001111101000000
10101000111101000000
00111000000010100000
01000111011011100111
11101001011110011101
01011000000010111001
01011000001000101111
01110100110000001111
00111110101100000111
01011011110101100000
01101001100000100000
01011011110111000000
01111110100110000000
01011011110111000000
01011110101111100000
11110011110111000000
01101011110100100000
01011100110110100000
01011010100100100000
11000110101000001100
11001001000001100110
00101000110000100000
00000000000100100000
00000010000100100000
00000000000000000000
00000000000010100000
00000000000100100000
00000000000000000000
00010010000010100000
00111010010110000000
11011100111100101010
00111111011100000101
01011100111011110001
01110011000101100000
11110111100110100000
00000001001000000000
00000000000000000000
00000000000000000000
00000000000000100000
00000000000000000000
00000000000000100000
00000001000000000000
00000000000000100000
00000000000100100000
00000000000000100000
00000000000010100000
00000000001010000000
00000000000010100000
00000001000011100000
01100000000010000000
10101011111011100000
00000111010000000000
10000100010000110010
10111111011000010101
01101000111010101000
10000100111000000000
11100100110100111011
10001100101110010000
00000101011110010011
01100111011101011101
00111000011100100001
10101101100010100111
10010101010110011011
10000110101000101100
11000100111011101011
01011011110011100000
10000011111001101010
11101100111000000000
10000011010010111011
11101111000000001001
10101111001011101111
11101000000101100101
11100001000111110100
10101101000011000000
11011001110101000000
10111001110110010100
00110101111010111110
10110011100100110101
10010000000111101011
00101100110101010110
01011111101101110110
01011000000010111000
00111000001000001011
00011001001110001001
00000001001000000000
00000000000000000000
00000001000110000000
00000110101100110100
01110101100000111101
01100110100111011101
11011111111010110001
11110011010001000111
01000110010111010111
11001100101110110011
11000101110010111011
01011001110110001011
11000111000000011100
00000010101100111100
10111000001100111101
01111010110000011011
01100000000010100000
00000000000000000000
00000010010001100000
01011001101101100000
01011000001000111011
00000110100111101011
00110101011101111001
01010110010100000110
01100110010100110110
10101001000101010110
01100001000011000000
01101100101011100000
00000001101010110101
10000000001011011101
00111011100010100000
01011011100101000000
11001100111101100000
01100010101110011100
11101011110101000000
01111010110110000000
00111011100110110011
10111101111100100001
10010001000110000000
10111010111000000000
10110111011110100000
10110110011010100000
01011011111110001000
01000110010100111100
10000001001111011100
10000001000111010101
11010111000011100001
11011111100000110011
00000001001010100011
11000011000001100000
10000111010000000000
11101110101000000100
00111001100100100111
10010111010011110110
11001010010010001001
10110010110100101111
11110010100111010101
00111000000101011011
11101111010110011101
01001111011110011101
00000110010111001011
10000111010001101011
10001111000010001011
00101000001010011011
11101101100111100110
11101001000111011010
11100000000110010110
10101000000001011110
11111000001100011001
01011011111110011011
10001111010001001000
00000011111010011011
00000101111110010011
01001101111001010000
11011010001110111100
01101110010110111101
00000110100101011101
01011111011110100101
10110110011010000000
11000111010010100000
11101100111000100000
11110101101111000000
00011111011111100000
10111111011001000000
10110110000010100000
11010101001100100000
11100100000100110110
01011110001111000111
01011101001011110110
11010010001001110111
01110110101110010010
01000100110011100111
11010000001100001100
10101000000110011011
11110101111101001011
11110101010110011100
00110100110101101011
10110000111101101111
01010100110011111011
10110101100001111001
10000001000100100111
11011010000001011101
01101100111001101000
00011110100111111100
00111000000011100000
00000000000000000000
00000000000000100000
00000001000000000000
10000000000100000000
10110100100000100000
11011111010010101111
11110111011011110010
00000000000100000000
00000000000000000000
00000000000010100000
00000000000000000000
00000000000000000000
00000000000100100000
10110000011110000000
10001100100000000000
11101101100001100000
10010000001111001111
00011111010110010001
11101110010010001100
01000000000000100000
00111000110000001011
11101100101010000001
10001010001011001011
00000000000011111011
01011001001001111011
01011001001010001011
11010001000111001101
11110000001111001111
00000000000000000000
00000000000000000000
00000000000000000000
01000000000000000000
00000001000010100000
00000000000000100000
00000000000000100000
00000000000000000000
00000000000000100000
00100000000000100000
00000000000000100000
00000000000000000000
00000000000000000000
00000000000000100000
00000000000000000000
00000010010001001011
10101011111011101000
11010000001011111101
11100110101000011000
11110101110110000000
10010110001000000000
11101110100011100000
10000111001000100000
01100001000011000101
10110000000111000000
01011011111101100000
01011010110010110010
01111111100111110010
10001011101101100000
00000001001000000000
00000000000000000000
00000000000000000000
00000000001000000000
00000000000000100000
00000000001000000000
11100001000110100000
00000000000100100000
00000001001010101010
11011011110100010111
00111100110001101111
01001110110111100000
10110110110010000000
10110000000100100000
10101000000111000110
01011100111011010001
10111100111001011011
11000111000000100111
11101100110100100000
01011010110111100000
11011011110011100000
00000001001100000000
01000001001011100000
00100000000000100000
00000000000110010011
00000000000000000000
00000000000000000000
00000000000000000000
00000000000000000000
00000000000000000000
00000000000000000000
00000000000010100000
00000000000000000000
00000001001010100000
00000000000000100000
00000000000110110010
10000000001111000000
11100001000111010110
11101000000111010110
00110111001010100000
10000111000000000000
11101100111001000000
10001010001110100000
01011011110001100000
00011001111010100000
00111011110011100000
11000100110110110110
10101111000010000000
11001111000010101011
10111111011000100001
11000000001101110110
11101000001110001110
00111111011111000100
00000011101111001011
10001111100011111011
01000000000011000011
00111111111111000000
11001011110101000000
00110010010110000000
10100100000010100000
10110100011100100000
00000100111000101110
10000110001000001000
01111110101101000111
01011111100101110010
01011000011000011100
01011001001000011101
11101001010101011100
11110001000100000100
11110000000101000111
10010001000100000111
00000000001000000000
00000000000000100000
11101110111010100000
00001101111000000000
00000000000000000000
00000000000010000000
10000000001000000000
11010110101010100000
10110110001010100000
10000111011000000000
10000110101000100000
10101011011011001000
01011010110111100111
10010011110001000111
01100001000010100111
10010011110111111101
01011011111001010010
01000010110001110101
10000000101100111100
11101000001100101011
01100000000010000000
00000000000000100000
00000000000000100000
00000000000000000000
00000000000000000000
00000000000010100000
00000001101000000000
00000001001001001000
00000000000000000000
00000000000000100000
00000100000000000000
00100001001000100000
00000000000000000000
00110000001010000000
00000000000000000000
00110000001000100000
01110110100001111011
10101111010000001111
00000110010111011011
10000011110010111011
00000000000011101001
10011001000101011010
10001011001011111101
10110011110000010101
11110001001100011101
10110111010011011010
11011101011101100000
10001011110101000000
01000101011001000000
00001111001111001010
01011101011001010110
11011110101000000000
10000101010000100000
11001100111001100000
01001101110001000000
00111010110110000000
10110110101010110100
11110100100001011011
11100000001101111101
10110000001110101100
11011000001011111101
11101000000101010110
00000000000000100111
00000001000010100001
00000000000000100000
00000001000010000000
01011000000010111100
00110000000010101000
00000000000000100000
00000000000000000000
01011010110111000000
11001110111001100000
11001001100101100000
11001101100110111011
10110000110101101111
00111111011000010101
01100100111011100111
00000110101101111110
01011111011100101101
11000000001111100101
00000100010011111011
00000100110111011101
01110110011101000111
00101111010111011100
00111111100011000110
00000010101111111101
00101110010001011001
11110000011101101111
11110101110100101011
01100110000101011001
00101010010001111011
11001111101011101011
10000010011111001011
11110000001101100101
11011011100001110010
11110110100010101011
01011111100101110110
11110111101111000000
10101111100100010110
11110001001110001100
01010001101011101000
01100001111000110010
01011111011101110110
10110101001011111001
10010000001001011011
00000101101001100000
00000000000000000000
01000000000000000000
00000000000000000000
00100000001000100000
00100000000000000000
10010100001100000000
00000100010100100000
10000111010101101000
00000100111100110110
00000000110010110110
11110000110110000000
11010111100111000000
01011011101100101101
10111101100100011011
10001000111100011010
11010010011101000111
01011101000111011110
00000000000000100000
00000000000000000000
00000010010100000000
00000000000010000000
00000000000010000000
00100000000000100000
00000000000000000000
00000000000000100000
01100001001010000000
10001010110101000000
01000000000010100000
10000000000111000111
00110100110101011011
10000111010000000000
00000011000000000000
10000001000101000000
00000000000000100000
00100000000010100000
00000000000000100000
00000000000010100000
00000000000000100000
00100000000010100000
10000100101100000000
01011100011001110101
10101100101000000000
00110100110010011100
00000000000000000000
00000000000000100000
00000000000000000000
00000001000101100000
01100001000000000000
10110000000110000000
01100000000000000000
10110000001110000000
11110011001011100000
10101111010000101001
11110110100000000000
10000110101000100000
10110110001000000000
11101110101010001000
01011010110110000000
11011100101101000000
11011111110011100000
11011011110001000000
01011001110011100000
01011011110101100000
00000110101100111100
11011110100010110001
01000000010010000111
00000000000100100000
00000000000000100000
00000000000000000000
00000000000010100000
00000000000000000000
00110000001000000000
01000000001010100000
01100000000000000000
00000000000000000000
00000000000010100000
00110110010100100000
00111011110111010010
00001111011101111101
10101111011010100000
10110111000101100000
10111110011100000000
10101111011011000000
00010100110111101111
01100001000000010110
01100000000010000000
00000000000010100000
00000000000000100000
00000000000000000000
00000000000000000000
00000001000001000000
00000000000000100000
00000000000000000000
00000000000000100000
00000000000000000000
00000001001000000000
00000000000010100000
00000000001010100000
00000000001001100000
00000000000000100000
00000000000010100000
00000000000000000000
00000000000010100000
00000000000000000000
00000000000000100000
00100000000010000000
00011111000100100101
00000000001000000000
10000000001110100000
11100001000111110111
10101010111101110110
10000011100101111110
10000001000101111100
00000000000000010110
00000001000001100000
00101000000001000000
01011001001110111011
10110001110100100111
10101110111011101010
10000101100000100111
01100010110110011110
01011011111010010001
00110001001011111100
11011111101011110010
10001110101010110110
01101010111000101011
11011011110001100000
11011101110001000000
00010011101010000000
00000100111000000000
00000000000100110110
00000000000100100000
10000001000100100000
00000000000010000101
00000000000010100000
00000101111000010110
01011101110000111101
00111000001011111101
11110001001011111100
00111110011000000001
10101111010001000000
01100101010101100101
00000111011110001011
11101001001101110010
11000100000010000010
00110110011001010101
01100100011001010011
00110010111101101011
00111001001000001011
01011001001000111011
00011001001000011001
01011001001000011001
01011000001011011101
00011000001010111011
01011000001110001011
11010011010111100111
11110001000101100101
01111101110111100000
10000000001111110101
00000100101100100000
10001111010001100000
10001101010110001011
01100000000001100000
00011001011101100000
01011110101100100111
01000110101100110110
01011111100111000110
10110011010111100000
01111110110111100000
01011110111111000000
01110100110100001101
01010001110010111000
01100111000111110101
00010110100110100110
11110101011000010011
10110111001110000000
10110110011010100000
10110110001010000000
11011011011011111100
01101001001001100000
11010110001000000000
10110111001010000000
10000111011000000000
11101111011001100000
00000110011110100000
10000100111100000000
10101100110000100000
11101100111101110011
01011111000101101110
11101100101100110010
11101000001001000110
00000010010000000000
01010111001111000000
10101100111010000000
11001100111000100000
00000000000000000000
00100000000010000000
00000000000000100000
00000000000000000000
01100000000000100000
00000000000000000000
01110001001010100000
00000000000010000000
00000000000010100000
00000000000010100000
00000000000010000000
00000000000000000000
01000001001001000000
10111000001111101000
10110101101110100000
01111010110111100000
01011001111101101000
01000110100101111000
01011001001110101111
01011000001110101111
01011000001000001111
11100110101011001011
10000110100000011100
10101001000101000000
11110110011010100000
01100111000011100000
01010100110000011100
01010111100111001111
11011010011100011100
11000110101111111001
00000000000010000000
00000000000010100000
00000001000010100000
00000000000000000000
00000000000000100000
00000000000010100000
10000001000100000000
00000000010010000011
00000000011000000001
00000001000001100000
00000000000000000000
10000000000000000000
00000000000000100000
00000000000000000000
10010101001111000000
10000000000000000000
00000000000000100000
00000000000000100000
00000001001010100000
00000000000100000000
00000000000000100000
00000001000001100000
00000000000000100000
00000000000000000000
00000000000000100000
00000001000011100000
00000000000000000000
00111000001011110110
00000000000010100000
00100000000000100000
10010001000101000000
11001110101001000000
00000000001000000000
00000000000000000000
00000000000000000000
